50	
69	
52	
52	
67	
66	
55	
59	
56	
58	
59	
58	
66	
62	
49	
71	
56	
68	
65	
51	
63	
69	
63	
58	
46	
47	
59	
58	
67	
60	
59	
51	
47	
58	
63	
66	
60	
58	
74	
56	
67	
72	
61	
61	
46	
57	
68	
58	
52	
58	
55	
70	
60	
70	
54	
62	
68	
68	
50	
61	
65	
66	
61	
58	
60	
71	
53	
61	
63	
50	
56	
57	
81	
60	
64	
68	
43	
44	
50	
51	
55	
68	
67	
52	
57	
63	
69	
59	
60	
59	
73	
62	
60	
51	
55	
60	
63	
55	
72	
58	
45	
69	
75	
65	
72	
72	
63	
66	
72	
64	
74	
66	
66	
75	
65	
66	
65	
63	
55	
46	
79	
75	
73	
77	
80	
58	
80	
60	
46	
61	
68	
67	
68	
74	
59	
57	
51	
59	
60	
66	
51	
56	
63	
69	
58	
62	
57	
71	
68	
78	
60	
87	
73	
58	
53	
75	
70	
77	
53	
59	
76	
72	
62	
66	
62	
61	
67	
73	
74	
73	
85	
77	
60	
71	
62	
78	
67	
71	
77	
54	
79	
82	
85	
76	
67	
73	
55	
80	
81	
81	
63	
81	
67	
59	
69	
68	
91	
75	
102	
65	
72	
71	
82	
99	
90	
81	
86	
80	
73	
88	
78	
86	
82	
80	
81	
79	
88	
78	
78	
94	
79	
83	
104	
91	
85	
79	
76	
91	
93	
89	
95	
89	
101	
90	
97	
91	
78	
103	
93	
96	
96	
84	
86	
92	
75	
91	
100	
108	
85	
88	
88	
77	
90	
76	
67	
90	
77	
97	
85	
74	
97	
88	
85	
68	
78	
75	
66	
87	
89	
78	
90	
87	
80	
80	
98	
73	
87	
72	
78	
57	
77	
88	
61	
82	
80	
83	
79	
73	
82	
74	
82	
70	
76	
87	
72	
77	
70	
76	
84	
60	
68	
88	
80	
85	
74	
77	
85	
85	
89	
92	
73	
73	
79	
85	
73	
84	
93	
68	
84	
77	
95	
96	
86	
93	
86	
81	
99	
94	
113	
98	
98	
114	
94	
132	
108	
115	
128	
107	
135	
126	
139	
143	
124	
150	
141	
170	
152	
152	
159	
160	
136	
142	
159	
145	
156	
175	
197	
166	
183	
214	
193	
212	
216	
204	
215	
233	
246	
265	
313	
370	
451	
610	
894	
1520	
2770	
5354	
9701	
16730	
27339	
41023	
57266	
75630	
93417	
111227	
127085	
141160	
154054	
166494	
177588	
188820	
201422	
212834	
225370	
236226	
246287	
253842	
259346	
261318	
263063	
262022	
259913	
256569	
254538	
252026	
247050	
242637	
238848	
234158	
230294	
226828	
224521	
220251	
215877	
210549	
205934	
201141	
196392	
191135	
186481	
182824	
178139	
173840	
168225	
163760	
159519	
154731	
151548	
147374	
143336	
139377	
135088	
130436	
126911	
123467	
119552	
116628	
112654	
110313	
106553	
102993	
100272	
97810	
94457	
91881	
89161	
87080	
83981	
81527	
78854	
76629	
74409	
72641	
70140	
68014	
65824	
64504	
61609	
60932	
58823	
57194	
55270	
53718	
52091	
51119	
49552	
48406	
46816	
45279	
43689	
42839	
41458	
40512	
39404	
38072	
37371	
36401	
35649	
34435	
33412	
32723	
31697	
31002	
30019	
29326	
28501	
27917	
27024	
26243	
25729	
24771	
24113	
23508	
23262	
22484	
21852	
21369	
20866	
20228	
19566	
19036	
18680	
18591	
17782	
17271	
16853	
16444	
16188	
15963	
15342	
15004	
14526	
14206	
13557	
13526	
13268	
12875	
12360	
12234	
11706	
11731	
11366	
11165	
10815	
10574	
10455	
10200	
10067	
9417	
9443	
9403	
9225	
8791	
8643	
8454	
8291	
8108	
8059	
7789	
7473	
7313	
7319	
7079	
7005	
6882	
6655	
6602	
6253	
6266	
6090	
5913	
5849	
5786	
5584	
5533	
5518	
5279	
5295	
5057	
4867	
4890	
4829	
4751	
4684	
4570	
4348	
4410	
4340	
4181	
4170	
3940	
4006	
3850	
3810	
3783	
3557	
3589	
3674	
3438	
3497	
3364	
3330	
3181	
3208	
3168	
3116	
3032	
2924	
2926	
2880	
2717	
2672	
2685	
2594	
2593	
2531	
2559	
2528	
2439	
2466	
2387	
2345	
2408	
2356	
2167	
2198	
2262	
2126	
2091	
1965	
2000	
1954	
1951	
1950	
1796	
1950	
1913	
1860	
1872	
1771	
1720	
1682	
1652	
1610	
1641	
1650	
1667	
1577	
1596	
1571	
1417	
1439	
1442	
1465	
1385	
1421	
1348	
1348	
1382	
1351	
1323	
1295	
1281	
1226	
1236	
1214	
1189	
1211	
1217	
1123	
1144	
1080	
1093	
1059	
1008	
1044	
1043	
928	
1016	
957	
983	
957	
966	
941	
963	
913	
920	
895	
912	
870	
871	
867	
850	
811	
858	
772	
784	
821	
795	
785	
788	
757	
730	
756	
742	
740	
703	
719	
728	
674	
694	
677	
693	
644	
691	
614	
614	
682	
626	
630	
596	
592	
586	
587	
579	
538	
563	
648	
584	
518	
524	
550	
528	
550	
559	
508	
529	
507	
533	
488	
493	
509	
482	
469	
492	
498	
471	
480	
474	
486	
449	
436	
412	
456	
434	
447	
456	
419	
420	
447	
440	
411	
408	
412	
415	
412	
402	
406	
350	
383	
360	
338	
392	
360	
348	
348	
374	
367	
341	
351	
343	
351	
348	
354	
331	
334	
327	
330	
332	
366	
321	
308	
293	
313	
318	
323	
314	
321	
280	
332	
274	
327	
283	
281	
296	
304	
309	
300	
259	
258	
288	
284	
265	
258	
277	
281	
270	
282	
284	
293	
281	
240	
252	
264	
248	
251	
284	
241	
241	
227	
269	
252	
218	
254	
257	
230	
250	
257	
249	
226	
234	
235	
233	
245	
209	
214	
218	
214	
196	
224	
194	
193	
233	
213	
211	
200	
197	
187	
195	
229	
207	
193	
189	
198	
206	
197	
184	
197	
199	
194	
223	
194	
198	
210	
200	
206	
176	
194	
174	
178	
181	
189	
165	
172	
182	
199	
173	
168	
173	
183	
184	
170	
200	
180	
161	
177	
206	
192	
156	
181	
151	
162	
167	
158	
174	
171	
146	
169	
170	
148	
167	
146	
148	
145	
156	
137	
166	
150	
151	
155	
162	
164	
143	
149	
177	
180	
178	
144	
156	
159	
154	
140	
136	
137	
143	
126	
155	
136	
127	
141	
136	
145	
134	
175	
150	
136	
133	
159	
146	
132	
116	
123	
124	
153	
136	
125	
126	
126	
105	
134	
134	
142	
121	
152	
142	
138	
134	
132	
123	
138	
129	
137	
155	
119	
117	
136	
130	
120	
110	
139	
126	
128	
130	
135	
113	
129	
142	
131	
131	
140	
135	
118	
115	
122	
124	
115	
119	
136	
144	
125	
126	
130	
125	
117	
115	
102	
99	
135	
130	
107	
140	
133	
105	
132	
103	
126	
114	
121	
112	
108	
103	
103	
107	
117	
117	
111	
113	
122	
124	
129	
87	
117	
138	
112	
104	
96	
110	
121	
102	
105	
121	
86	
119	
117	
113	
112	
100	
122	
99	
106	
105	
99	
120	
121	
118	
97	
101	
94	
108	
98	
106	
89	
91	
108	
90	
114	
120	
95	
113	
108	
91	
101	
107	
115	
97	
102	
110	
108	
95	
104	
135	
105	
100	
123	
106	
96	
104	
98	
126	
91	
91	
96	
80	
115	
108	
106	
100	
100	
105	
93	
90	
106	
96	
101	
96	
112	
79	
86	
95	
98	
86	
85	
85	
80	
89	
102	
79	
83	
89	
97	
108	
98	
93	
81	
101	
93	
89	
99	
104	
78	
103	
71	
76	
90	
94	
87	
99	
88	
84	
88	
112	
92	
84	
91	
92	
74	
110	
88	
103	
95	
97	
100	
88	
84	
72	
115	
84	
89	
81	
85	
100	
93	
80	
88	
87	
89	
86	
72	
84	
81	
83	
85	
90	
89	
89	
96	
83	
82	
89	
102	
98	
89	
76	
98	
61	
89	
94	
62	
73	
75	
89	
78	
88	
106	
88	
76	
71	
103	
80	
98	
91	
90	
73	
78	
93	
75	
68	
80	
73	
90	
87	
70	
83	
85	
78	
72	
91	
67	
85	
82	
92	
83	
67	
94	
90	
64	
94	
69	
84	
85	
83	
82	
84	
78	
86	
87	
86	
79	
70	
83	
81	
66	
73	
66	
67	
82	
87	
67	
87	
68	
85	
76	
81	
61	
78	
60	
73	
86	
88	
70	
59	
77	
59	
65	
88	
78	
86	
73	
77	
69	
81	
61	
78	
81	
61	
68	
85	
68	
77	
76	
74	
57	
61	
69	
76	
75	
69	
69	
73	
70	
74	
77	
71	
65	
76	
69	
78	
77	
76	
78	
74	
80	
61	
68	
76	
75	
58	
59	
78	
67	
78	
71	
73	
71	
68	
75	
71	
64	
86	
59	
63	
69	
58	
81	
78	
55	
76	
54	
59	
78	
80	
82	
68	
57	
64	
73	
59	
74	
57	
77	
66	
73	
57	
74	
85	
65	
57	
69	
67	
69	
57	
60	
55	
60	
58	
69	
56	
68	
63	
69	
78	
57	
68	
62	
76	
78	
70	
76	
63	
57	
64	
74	
70	
52	
57	
62	
59	
57	
79	
75	
72	
74	
84	
53	
66	
70	
66	
58	
58	
69	
68	
78	
66	
76	
54	
53	
61	
59	
56	
68	
68	
58	
64	
59	
58	
63	
74	
68	
66	
62	
59	
66	
86	
53	
58	
66	
87	
73	
53	
74	
49	
63	
70	
78	
61	
64	
54	
81	
60	
63	
73	
49	
45	
59	
69	
51	
54	
54	
61	
60	
76	
62	
62	
55	
56	
66	
51	
56	
51	
56	
58	
63	
72	
56	
65	
65	
69	
56	
60	
58	
53	
61	
51	
73	
89	
54	
46	
63	
64	
69	
55	
74	
72	
71	
57	
59	
70	
61	
52	
59	
56	
62	
53	
60	
65	
64	
61	
60	
78	
61	
42	
56	
54	
51	
56	
50	
50	
62	
72	
51	
72	
61	
52	
68	
57	
56	
60	
70	
62	
41	
64	
52	
59	
50	
41	
57	
54	
53	
77	
70	
47	
56	
60	
57	
46	
55	
62	
54	
51	
59	
63	
55	
57	
55	
51	
50	
50	
51	
57	
62	
47	
63	
67	
64	
62	
53	
50	
61	
43	
45	
61	
54	
46	
59	
47	
56	
53	
55	
52	
75	
68	
51	
54	
61	
57	
51	
53	
46	
57	
67	
63	
48	
59	
57	
47	
67	
67	
54	
54	
56	
53	
57	
51	
66	
45	
47	
57	
54	
57	
61	
59	
35	
57	
56	
47	
63	
58	
54	
63	
48	
50	
52	
53	
56	
43	
60	
55	
53	
51	
54	
62	
54	
55	
40	
59	
50	
43	
48	
44	
51	
51	
40	
37	
56	
48	
47	
41	
48	
54	
40	
59	
55	
52	
42	
52	
32	
44	
50	
52	
41	
53	
58	
49	
50	
46	
44	
50	
54	
57	
48	
46	
63	
48	
59	
51	
59	
43	
52	
50	
56	
42	
44	
45	
49	
51	
45	
52	
56	
53	
53	
52	
61	
49	
42	
48	
57	
66	
53	
39	
52	
51	
64	
45	
45	
50	
60	
56	
63	
62	
35	
51	
54	
50	
53	
42	
44	
39	
50	
41	
50	
47	
50	
48	
47	
49	
53	
47	
51	
48	
49	
52	
46	
46	
52	
43	
58	
45	
44	
47	
56	
46	
42	
60	
40	
49	
41	
41	
43	
50	
50	
47	
46	
56	
39	
66	
50	
49	
49	
46	
38	
43	
36	
39	
47	
48	
44	
39	
51	
40	
50	
44	
55	
49	
51	
37	
48	
46	
61	
66	
40	
43	
40	
41	
34	
48	
45	
36	
35	
53	
45	
53	
51	
51	
37	
38	
42	
51	
41	
57	
45	
51	
44	
46	
40	
53	
45	
39	
51	
47	
53	
33	
53	
44	
52	
41	
52	
52	
52	
58	
59	
55	
42	
56	
52	
67	
56	
37	
49	
36	
58	
43	
63	
45	
49	
44	
47	
60	
45	
43	
56	
49	
40	
54	
29	
59	
42	
43	
59	
44	
49	
54	
44	
58	
52	
44	
49	
44	
43	
46	
50	
54	
35	
43	
56	
47	
50	
48	
52	
48	
50	
50	
46	
50	
46	
43	
53	
48	
38	
42	
52	
36	
48	
59	
49	
35	
60	
50	
42	
48	
38	
44	
47	
34	
44	
53	
41	
40	
46	
42	
51	
46	
61	
51	
48	
46	
44	
45	
51	
46	
43	
36	
45	
39	
45	
52	
45	
49	
40	
50	
38	
36	
31	
46	
35	
46	
54	
41	
38	
48	
47	
48	
43	
39	
59	
44	
39	
46	
58	
50	
52	
45	
40	
37	
51	
36	
34	
32	
45	
47	
38	
42	
34	
38	
49	
40	
48	
47	
50	
50	
40	
43	
44	
42	
36	
38	
44	
47	
34	
38	
43	
49	
46	
48	
49	
37	
46	
39	
52	
33	
40	
48	
37	
54	
43	
41	
42	
44	
48	
45	
45	
44	
47	
44	
51	
36	
43	
40	
44	
36	
43	
33	
45	
45	
45	
43	
49	
44	
35	
35	
42	
43	
37	
30	
38	
38	
42	
44	
31	
36	
43	
44	
39	
47	
41	
53	
40	
37	
35	
38	
39	
42	
39	
43	
43	
57	
45	
50	
31	
45	
44	
44	
48	
40	
36	
35	
53	
50	
49	
51	
39	
39	
32	
30	
45	
43	
55	
34	
49	
52	
42	
50	
49	
39	
40	
49	
44	
50	
37	
41	
44	
36	
46	
41	
38	
36	
37	
33	
38	
36	
33	
50	
35	
50	
39	
45	
47	
38	
38	
37	
19	
49	
24	
37	
41	
34	
34	
34	
57	
38	
47	
50	
43	
42	
48	
36	
31	
33	
44	
39	
37	
51	
43	
36	
30	
32	
40	
32	
45	
32	
50	
31	
49	
51	
41	
34	
55	
51	
44	
31	
35	
53	
36	
28	
33	
57	
52	
46	
47	
37	
45	
32	
37	
43	
39	
47	
59	
41	
32	
42	
47	
37	
38	
42	
49	
33	
42	
45	
31	
47	
52	
40	
42	
29	
32	
43	
33	
33	
40	
39	
48	
34	
41	
40	
49	
37	
42	
38	
57	
36	
37	
37	
56	
30	
30	
36	
38	
40	
44	
50	
37	
43	
39	
36	
51	
46	
41	
43	
33	
46	
44	
40	
35	
46	
44	
32	
39	
41	
48	
36	
33	
42	
47	
36	
52	
46	
44	
38	
47	
39	
46	
47	
36	
46	
49	
45	
44	
45	
53	
43	
36	
46	
53	
38	
33	
45	
37	
39	
28	
34	
36	
34	
44	
40	
43	
42	
39	
41	
34	
45	
38	
36	
46	
39	
30	
41	
36	
32	
43	
35	
45	
48	
35	
36	
41	
47	
42	
50	
39	
42	
30	
33	
49	
34	
38	
38	
45	
34	
32	
52	
45	
36	
40	
59	
47	
29	
32	
38	
44	
43	
32	
40	
32	
42	
45	
47	
30	
43	
29	
37	
39	
35	
38	
43	
32	
41	
34	
38	
40	
34	
36	
41	
36	
41	
41	
45	
42	
35	
28	
29	
39	
32	
30	
36	
40	
34	
36	
37	
36	
33	
42	
34	
33	
36	
44	
34	
32	
33	
39	
44	
41	
45	
36	
50	
38	
43	
39	
29	
39	
33	
32	
39	
39	
36	
35	
39	
34	
46	
42	
33	
42	
43	
37	
37	
36	
45	
35	
38	
31	
43	
32	
38	
32	
31	
40	
45	
40	
42	
37	
43	
37	
38	
35	
42	
42	
38	
42	
33	
44	
37	
38	
44	
37	
32	
32	
29	
34	
45	
39	
37	
35	
36	
40	
38	
32	
48	
46	
29	
43	
42	
34	
45	
38	
35	
37	
32	
30	
38	
49	
26	
29	
45	
30	
44	
37	
46	
37	
34	
38	
40	
33	
37	
35	
34	
38	
42	
40	
32	
36	
38	
45	
39	
29	
41	
41	
36	
28	
37	
41	
38	
33	
41	
35	
33	
36	
33	
41	
37	
30	
30	
35	
42	
29	
40	
35	
46	
31	
33	
37	
36	
33	
33	
50	
38	
34	
38	
36	
33	
37	
39	
39	
43	
36	
28	
39	
43	
39	
40	
30	
29	
39	
44	
34	
33	
38	
39	
47	
33	
37	
22	
31	
27	
35	
31	
39	
45	
35	
27	
38	
31	
47	
38	
43	
42	
38	
45	
35	
36	
28	
35	
48	
38	
42	
41	
42	
38	
40	
34	
39	
28	
44	
42	
33	
36	
50	
36	
27	
27	
36	
37	
29	
37	
42	
38	
37	
25	
30	
38	
38	
33	
47	
38	
31	
45	
40	
28	
33	
34	
25	
47	
35	
32	
36	
19	
36	
40	
24	
46	
28	
37	
34	
42	
33	
31	
49	
37	
27	
35	
42	
28	
35	
24	
35	
44	
36	
43	
33	
40	
44	
39	
33	
44	
27	
48	
33	
34	
38	
43	
37	
42	
32	
30	
46	
35	
29	
34	
24	
25	
37	
39	
33	
33	
44	
40	
37	
31	
43	
30	
36	
38	
33	
32	
31	
41	
31	
35	
26	
35	
45	
44	
38	
34	
31	
36	
32	
26	
34	
39	
32	
32	
39	
40	
36	
36	
30	
34	
44	
27	
41	
27	
41	
41	
36	
27	
33	
29	
35	
35	
48	
36	
27	
38	
24	
34	
30	
51	
30	
34	
31	
22	
37	
30	
31	
30	
33	
23	
35	
34	
37	
37	
43	
31	
37	
43	
45	
49	
32	
30	
27	
27	
47	
42	
29	
36	
45	
34	
31	
29	
35	
30	
42	
27	
37	
35	
32	
36	
46	
22	
39	
30	
34	
27	
32	
35	
40	
37	
32	
33	
28	
37	
37	
39	
35	
36	
36	
31	
33	
41	
37	
36	
32	
35	
32	
35	
38	
40	
32	
34	
39	
38	
45	
46	
40	
38	
33	
31	
36	
33	
36	
32	
32	
33	
44	
33	
38	
38	
44	
37	
42	
36	
40	
35	
39	
26	
42	
43	
26	
27	
28	
30	
28	
37	
42	
26	
33	
35	
36	
35	
44	
45	
49	
39	
30	
40	
33	
31	
31	
36	
41	
39	
25	
35	
31	
29	
33	
33	
37	
41	
36	
39	
23	
38	
42	
25	
30	
45	
30	
34	
28	
41	
45	
29	
38	
38	
35	
26	
36	
31	
50	
38	
34	
39	
32	
47	
25	
28	
27	
35	
44	
30	
42	
42	
41	
44	
36	
39	
21	
31	
36	
28	
38	
29	
35	
34	
37	
23	
35	
32	
34	
36	
36	
47	
29	
32	
39	
34	
46	
43	
34	
34	
29	
38	
39	
33	
35	
30	
31	
26	
35	
38	
31	
30	
35	
36	
38	
35	
26	
29	
42	
30	
43	
31	
20	
29	
33	
43	
29	
38	
41	
27	
23	
39	
28	
38	
33	
38	
30	
35	
39	
34	
28	
39	
48	
41	
26	
33	
30	
29	
36	
27	
32	
27	
28	
27	
44	
39	
31	
44	
25	
27	
32	
33	
29	
42	
30	
30	
37	
37	
29	
43	
22	
25	
33	
39	
43	
26	
35	
41	
35	
37	
44	
40	
32	
42	
27	
40	
33	
34	
37	
43	
27	
37	
33	
39	
38	
38	
37	
38	
32	
40	
23	
38	
29	
31	
40	
20	
35	
30	
41	
39	
41	
35	
34	
34	
26	
30	
33	
35	
34	
43	
27	
36	
24	
34	
33	
42	
41	
32	
32	
40	
41	
43	
36	
30	
42	
35	
42	
34	
32	
39	
25	
28	
30	
51	
33	
31	
26	
35	
33	
23	
43	
43	
44	
31	
32	
47	
25	
34	
41	
32	
38	
31	
37	
36	
30	
33	
25	
33	
36	
31	
41	
30	
37	
40	
35	
35	
27	
28	
29	
31	
38	
31	
33	
42	
34	
40	
44	
41	
34	
32	
39	
24	
33	
40	
27	
41	
34	
37	
28	
34	
36	
29	
32	
26	
41	
40	
31	
36	
31	
37	
40	
35	
30	
32	
40	
37	
33	
31	
28	
31	
43	
25	
33	
26	
37	
35	
34	
32	
45	
29	
26	
30	
30	
31	
31	
33	
33	
39	
26	
38	
32	
28	
39	
25	
34	
35	
29	
29	
36	
36	
42	
37	
51	
26	
30	
36	
38	
35	
41	
34	
40	
28	
39	
31	
43	
38	
38	
38	
27	
34	
31	
37	
32	
25	
46	
41	
31	
37	
34	
33	
38	
34	
39	
29	
31	
36	
24	
34	
33	
29	
44	
42	
42	
33	
24	
37	
51	
31	
32	
40	
36	
26	
32	
35	
29	
25	
32	
36	
20	
38	
29	
29	
36	
34	
37	
32	
44	
25	
22	
42	
38	
31	
32	
33	
32	
25	
33	
38	
36	
41	
22	
42	
36	
27	
26	
29	
24	
31	
30	
24	
26	
28	
35	
45	
36	
24	
28	
33	
27	
33	
31	
38	
43	
33	
30	
34	
33	
20	
30	
33	
29	
40	
28	
44	
40	
24	
32	
24	
38	
42	
57	
41	
29	
47	
29	
37	
34	
34	
29	
40	
27	
40	
44	
26	
34	
42	
37	
32	
37	
37	
21	
30	
30	
38	
38	
36	
29	
20	
38	
35	
27	
35	
27	
32	
36	
38	
28	
32	
38	
32	
35	
33	
37	
30	
33	
39	
32	
34	
32	
35	
37	
36	
36	
39	
27	
38	
37	
27	
36	
30	
34	
31	
32	
35	
29	
43	
39	
41	
32	
39	
41	
32	
30	
26	
32	
32	
35	
27	
26	
32	
29	
25	
27	
33	
33	
47	
35	
32	
36	
30	
31	
28	
28	
30	
36	
30	
33	
35	
39	
36	
44	
32	
28	
32	
32	
35	
35	
32	
28	
29	
29	
33	
32	
32	
33	
24	
26	
37	
23	
21	
29	
42	
34	
33	
28	
39	
51	
33	
34	
28	
25	
36	
28	
33	
26	
35	
26	
24	
26	
34	
28	
36	
27	
37	
34	
38	
46	
34	
34	
27	
40	
39	
25	
34	
33	
27	
32	
22	
36	
39	
31	
24	
33	
31	
40	
31	
44	
31	
24	
24	
24	
39	
33	
33	
30	
19	
36	
30	
26	
31	
30	
31	
31	
29	
30	
32	
31	
30	
24	
33	
32	
34	
29	
36	
36	
29	
25	
43	
34	
28	
24	
38	
44	
37	
33	
32	
32	
30	
41	
33	
38	
24	
29	
17	
35	
34	
36	
23	
39	
21	
27	
36	
35	
38	
33	
34	
43	
29	
32	
35	
23	
33	
36	
26	
33	
33	
28	
31	
38	
23	
34	
35	
25	
33	
27	
35	
34	
34	
41	
31	
34	
37	
25	
40	
30	
29	
40	
40	
27	
37	
27	
37	
41	
24	
32	
22	
40	
38	
33	
31	
30	
27	
38	
20	
30	
21	
33	
32	
27	
34	
38	
40	
38	
32	
26	
31	
34	
34	
34	
34	
28	
35	
35	
30	
31	
35	
36	
31	
29	
36	
33	
28	
37	
38	
40	
32	
26	
30	
31	
34	
28	
32	
27	
35	
28	
37	
42	
43	
31	
26	
47	
34	
31	
32	
26	
41	
34	
36	
43	
35	
26	
34	
47	
26	
38	
29	
27	
27	
26	
34	
41	
43	
24	
30	
19	
31	
33	
24	
31	
26	
33	
18	
37	
35	
28	
34	
31	
30	
29	
30	
39	
37	
28	
38	
34	
27	
32	
30	
25	
29	
32	
35	
37	
32	
25	
27	
26	
34	
34	
31	
26	
44	
31	
40	
42	
34	
21	
31	
36	
33	
42	
31	
24	
28	
29	
27	
17	
39	
24	
24	
34	
29	
34	
38	
40	
25	
31	
38	
38	
33	
27	
35	
30	
35	
22	
38	
31	
35	
26	
43	
32	
33	
27	
40	
34	
21	
32	
37	
32	
26	
28	
42	
37	
32	
41	
29	
31	
36	
36	
23	
26	
28	
31	
30	
32	
27	
36	
26	
20	
37	
30	
34	
44	
26	
35	
34	
35	
31	
26	
34	
23	
22	
36	
29	
27	
27	
29	
41	
26	
30	
32	
24	
32	
36	
34	
32	
29	
32	
30	
37	
18	
27	
28	
35	
30	
30	
38	
29	
31	
29	
31	
34	
42	
31	
41	
28	
35	
38	
29	
38	
26	
29	
32	
43	
30	
29	
23	
33	
26	
22	
31	
27	
38	
34	
31	
41	
30	
27	
29	
33	
24	
45	
34	
33	
25	
26	
25	
30	
31	
38	
36	
34	
29	
46	
32	
38	
37	
26	
45	
28	
29	
25	
33	
24	
22	
40	
31	
37	
30	
44	
41	
39	
36	
36	
29	
24	
29	
23	
22	
39	
36	
35	
32	
27	
30	
28	
31	
33	
25	
31	
29	
32	
36	
34	
31	
25	
33	
33	
31	
23	
34	
41	
32	
45	
33	
24	
33	
27	
30	
33	
27	
39	
34	
28	
36	
33	
26	
32	
33	
40	
31	
38	
24	
33	
32	
29	
35	
24	
25	
26	
26	
42	
35	
26	
40	
29	
23	
40	
50	
33	
25	
38	
22	
37	
43	
21	
40	
31	
29	
22	
35	
34	
34	
33	
34	
36	
46	
22	
21	
32	
33	
29	
29	
39	
37	
34	
33	
34	
37	
32	
31	
34	
29	
31	
30	
25	
29	
23	
38	
31	
32	
32	
32	
33	
29	
35	
36	
27	
35	
32	
43	
37	
34	
31	
34	
28	
33	
35	
29	
45	
24	
41	
37	
30	
29	
27	
26	
36	
30	
36	
32	
30	
51	
27	
32	
39	
30	
28	
32	
39	
38	
25	
41	
37	
39	
39	
45	
37	
25	
31	
25	
28	
29	
39	
34	
29	
29	
20	
37	
24	
30	
32	
31	
23	
32	
34	
29	
37	
37	
25	
23	
28	
27	
26	
33	
35	
39	
34	
32	
34	
35	
36	
42	
31	
28	
37	
31	
27	
31	
21	
32	
30	
42	
33	
32	
37	
38	
33	
33	
40	
33	
30	
35	
38	
31	
42	
28	
43	
36	
33	
30	
42	
33	
37	
33	
35	
31	
28	
27	
23	
29	
36	
44	
34	
33	
27	
32	
43	
38	
32	
33	
36	
33	
34	
35	
31	
29	
30	
42	
26	
27	
30	
32	
33	
40	
37	
38	
27	
33	
37	
25	
35	
32	
34	
27	
27	
31	
31	
48	
32	
30	
30	
33	
32	
46	
38	
29	
28	
41	
34	
29	
28	
40	
24	
22	
37	
42	
33	
36	
32	
25	
27	
30	
25	
32	
40	
32	
32	
31	
24	
31	
34	
29	
35	
32	
33	
30	
34	
30	
23	
33	
34	
40	
33	
24	
31	
27	
34	
21	
27	
38	
39	
29	
37	
32	
35	
36	
23	
38	
24	
31	
26	
35	
32	
36	
44	
36	
33	
36	
20	
30	
35	
31	
25	
34	
24	
26	
48	
21	
40	
26	
36	
33	
24	
36	
22	
34	
24	
29	
32	
25	
26	
32	
30	
28	
24	
34	
32	
25	
31	
33	
36	
35	
36	
38	
31	
39	
40	
29	
33	
37	
24	
33	
33	
40	
43	
31	
31	
36	
29	
43	
36	
30	
32	
36	
40	
26	
27	
32	
42	
29	
35	
31	
35	
35	
27	
38	
35	
28	
36	
35	
23	
38	
37	
34	
38	
35	
41	
32	
28	
29	
30	
30	
29	
33	
33	
36	
31	
38	
37	
38	
33	
37	
36	
38	
37	
34	
27	
33	
33	
39	
27	
29	
31	
33	
37	
41	
34	
21	
30	
29	
35	
39	
36	
25	
29	
29	
30	
28	
26	
35	
26	
25	
34	
33	
31	
25	
21	
33	
45	
29	
34	
36	
41	
23	
21	
41	
37	
40	
33	
37	
36	
26	
33	
35	
36	
27	
36	
31	
25	
35	
40	
45	
25	
30	
41	
35	
28	
27	
41	
38	
32	
38	
44	
34	
37	
35	
39	
38	
31	
36	
35	
35	
27	
27	
34	
32	
30	
35	
37	
22	
24	
23	
20	
28	
31	
39	
35	
39	
35	
29	
27	
29	
42	
43	
29	
30	
39	
33	
22	
33	
36	
35	
25	
39	
39	
32	
29	
31	
31	
33	
24	
33	
26	
27	
34	
40	
39	
35	
37	
32	
17	
25	
25	
36	
37	
24	
29	
30	
31	
35	
27	
34	
30	
32	
25	
31	
43	
26	
29	
30	
31	
28	
38	
30	
34	
40	
37	
36	
36	
39	
28	
29	
33	
35	
27	
26	
26	
31	
34	
38	
33	
44	
36	
37	
42	
30	
28	
35	
31	
37	
35	
39	
34	
31	
34	
39	
42	
37	
33	
30	
40	
26	
37	
35	
29	
24	
25	
25	
44	
37	
35	
37	
35	
39	
35	
32	
30	
37	
28	
32	
38	
33	
30	
34	
41	
28	
28	
27	
29	
30	
37	
32	
34	
28	
39	
28	
32	
32	
39	
38	
29	
28	
40	
27	
38	
34	
28	
30	
39	
33	
42	
36	
37	
49	
31	
25	
30	
22	
29	
28	
36	
34	
38	
38	
33	
28	
38	
18	
32	
29	
33	
29	
32	
36	
29	
29	
34	
33	
38	
35	
33	
25	
32	
29	
34	
30	
32	
31	
40	
30	
25	
31	
45	
40	
29	
32	
34	
32	
34	
28	
38	
35	
32	
33	
36	
33	
30	
26	
46	
31	
43	
31	
27	
37	
38	
22	
32	
29	
27	
34	
33	
32	
28	
23	
37	
40	
36	
27	
36	
32	
38	
41	
28	
36	
39	
24	
24	
28	
36	
28	
32	
34	
32	
34	
36	
30	
31	
40	
25	
25	
25	
40	
32	
29	
27	
49	
25	
33	
23	
30	
34	
38	
29	
22	
40	
36	
35	
34	
32	
39	
29	
40	
33	
31	
24	
38	
29	
38	
33	
28	
25	
32	
34	
36	
29	
34	
33	
31	
30	
33	
36	
31	
27	
34	
34	
37	
30	
35	
35	
34	
31	
40	
35	
25	
21	
38	
31	
32	
33	
25	
32	
45	
36	
32	
34	
40	
33	
30	
28	
33	
28	
30	
28	
27	
32	
33	
22	
25	
29	
29	
33	
39	
36	
45	
28	
28	
34	
34	
34	
27	
39	
28	
28	
38	
33	
38	
29	
39	
38	
30	
41	
39	
25	
41	
31	
22	
26	
34	
27	
26	
32	
39	
36	
33	
24	
35	
26	
31	
36	
21	
28	
37	
35	
28	
37	
32	
30	
35	
35	
22	
42	
36	
33	
32	
33	
22	
28	
28	
34	
36	
41	
25	
32	
43	
33	
29	
37	
29	
33	
25	
39	
42	
36	
31	
31	
22	
38	
30	
23	
48	
41	
40	
39	
34	
24	
23	
22	
38	
33	
35	
36	
24	
34	
29	
24	
30	
31	
37	
29	
22	
37	
35	
31	
38	
25	
35	
32	
38	
34	
26	
33	
21	
30	
24	
31	
32	
30	
35	
30	
28	
33	
24	
36	
33	
23	
31	
21	
50	
38	
23	
28	
35	
19	
24	
36	
32	
35	
33	
34	
29	
39	
32	
39	
32	
30	
27	
30	
33	
19	
29	
40	
29	
35	
31	
20	
34	
26	
29	
29	
27	
31	
29	
31	
37	
34	
23	
26	
26	
35	
34	
35	
24	
27	
37	
33	
31	
36	
21	
29	
31	
36	
35	
46	
27	
37	
41	
28	
24	
31	
33	
24	
25	
28	
31	
15	
36	
36	
30	
37	
40	
39	
24	
32	
29	
32	
21	
29	
36	
36	
30	
23	
27	
30	
44	
33	
34	
36	
36	
28	
26	
33	
41	
39	
29	
24	
31	
36	
20	
40	
32	
35	
36	
28	
27	
39	
28	
33	
30	
28	
34	
40	
39	
36	
36	
31	
32	
33	
38	
35	
30	
30	
24	
28	
36	
28	
32	
42	
27	
31	
32	
31	
29	
26	
30	
32	
32	
24	
24	
29	
28	
39	
28	
36	
22	
31	
26	
22	
31	
37	
37	
26	
27	
27	
24	
27	
31	
31	
39	
36	
23	
31	
25	
35	
28	
29	
29	
27	
32	
40	
31	
38	
31	
41	
28	
32	
28	
34	
35	
33	
38	
36	
35	
33	
36	
28	
34	
30	
29	
23	
37	
32	
42	
33	
36	
37	
31	
45	
30	
30	
33	
36	
27	
24	
31	
22	
36	
36	
34	
27	
32	
27	
29	
47	
30	
31	
33	
34	
28	
31	
39	
35	
41	
41	
37	
39	
31	
29	
28	
38	
32	
33	
28	
26	
36	
29	
28	
46	
22	
22	
31	
31	
36	
28	
29	
31	
27	
32	
37	
28	
32	
22	
25	
29	
30	
29	
28	
32	
25	
29	
38	
37	
34	
34	
29	
32	
18	
27	
34	
31	
30	
42	
38	
37	
28	
28	
25	
30	
37	
44	
30	
33	
30	
29	
28	
29	
28	
18	
30	
27	
38	
32	
27	
23	
27	
34	
30	
36	
40	
26	
17	
35	
30	
29	
29	
28	
39	
32	
28	
30	
35	
40	
29	
43	
29	
25	
39	
27	
36	
28	
27	
34	
41	
34	
28	
41	
26	
30	
37	
32	
32	
39	
32	
28	
40	
35	
27	
35	
37	
27	
27	
25	
31	
41	
24	
30	
26	
33	
37	
24	
28	
34	
25	
45	
22	
36	
41	
30	
32	
39	
35	
32	
33	
42	
38	
25	
31	
24	
27	
32	
42	
34	
28	
32	
35	
33	
32	
31	
32	
36	
30	
31	
36	
32	
34	
41	
30	
37	
29	
28	
34	
25	
35	
31	
28	
37	
40	
26	
35	
39	
35	
20	
39	
33	
48	
35	
35	
27	
44	
29	
23	
22	
38	
33	
27	
34	
41	
36	
39	
30	
33	
29	
35	
38	
36	
36	
29	
34	
31	
19	
30	
25	
27	
30	
32	
35	
31	
21	
28	
27	
26	
29	
30	
36	
35	
31	
39	
26	
30	
29	
33	
25	
27	
43	
28	
31	
36	
20	
35	
36	
39	
37	
30	
35	
31	
33	
30	
40	
32	
30	
28	
22	
27	
38	
29	
33	
41	
26	
31	
36	
18	
37	
34	
34	
31	
36	
30	
28	
44	
38	
28	
29	
21	
36	
32	
29	
27	
28	
23	
36	
34	
30	
31	
29	
34	
34	
28	
32	
34	
28	
31	
26	
37	
35	
33	
24	
29	
39	
22	
34	
35	
25	
33	
37	
32	
33	
37	
29	
36	
37	
35	
29	
31	
34	
29	
29	
37	
27	
32	
22	
38	
38	
51	
36	
30	
29	
35	
26	
35	
29	
21	
37	
25	
35	
42	
34	
30	
31	
30	
30	
28	
27	
25	
33	
32	
41	
27	
25	
24	
23	
30	
39	
41	
27	
21	
38	
23	
33	
31	
36	
26	
27	
32	
39	
31	
25	
36	
26	
31	
35	
32	
25	
34	
24	
27	
38	
35	
14	
33	
34	
29	
31	
28	
35	
36	
33	
32	
30	
30	
31	
31	
33	
33	
21	
27	
35	
34	
42	
34	
44	
31	
21	
41	
32	
28	
40	
30	
28	
29	
37	
36	
30	
36	
29	
23	
20	
24	
19	
32	
27	
32	
34	
38	
40	
29	
29	
45	
28	
33	
27	
27	
30	
25	
35	
37	
27	
43	
28	
37	
27	
31	
36	
40	
28	
40	
32	
35	
24	
31	
32	
32	
29	
33	
32	
25	
34	
29	
24	
28	
34	
25	
21	
28	
32	
31	
29	
22	
31	
24	
31	
35	
19	
29	
31	
38	
31	
39	
36	
34	
31	
21	
26	
42	
34	
30	
31	
43	
34	
43	
32	
29	
30	
28	
33	
25	
38	
26	
32	
31	
30	
29	
42	
43	
35	
25	
30	
28	
28	
34	
32	
35	
26	
20	
37	
29	
25	
30	
31	
26	
35	
25	
29	
34	
35	
28	
24	
25	
25	
30	
21	
36	
43	
30	
27	
34	
29	
43	
44	
30	
35	
31	
34	
31	
35	
34	
34	
27	
27	
33	
38	
27	
27	
43	
41	
38	
34	
36	
24	
32	
31	
33	
36	
29	
31	
33	
34	
35	
36	
26	
24	
34	
25	
42	
24	
34	
39	
36	
32	
27	
31	
33	
32	
29	
32	
31	
40	
31	
27	
26	
33	
35	
26	
33	
28	
38	
35	
26	
29	
38	
32	
25	
32	
25	
24	
29	
32	
43	
29	
34	
19	
25	
33	
23	
27	
40	
31	
42	
43	
31	
39	
42	
27	
36	
24	
32	
37	
34	
23	
37	
27	
29	
24	
27	
16	
29	
39	
30	
32	
32	
36	
31	
33	
27	
35	
27	
38	
38	
26	
32	
43	
25	
30	
40	
34	
16	
34	
27	
33	
41	
27	
34	
38	
30	
39	
41	
38	
40	
38	
40	
29	
31	
27	
31	
39	
29	
25	
21	
40	
29	
32	
41	
30	
41	
36	
41	
22	
37	
31	
26	
29	
45	
27	
20	
26	
38	
29	
29	
36	
40	
30	
33	
31	
34	
29	
33	
35	
44	
21	
39	
34	
32	
32	
30	
37	
30	
36	
31	
24	
44	
26	
30	
30	
39	
36	
22	
35	
37	
28	
29	
40	
19	
37	
36	
38	
27	
35	
36	
28	
26	
36	
36	
29	
36	
27	
34	
38	
31	
45	
28	
36	
36	
41	
31	
28	
40	
34	
41	
24	
30	
22	
32	
28	
35	
31	
34	
29	
30	
37	
32	
30	
29	
29	
44	
28	
35	
30	
34	
42	
40	
42	
30	
43	
37	
36	
26	
27	
28	
22	
39	
39	
40	
32	
32	
41	
43	
31	
28	
30	
36	
31	
30	
33	
34	
28	
30	
39	
35	
31	
31	
37	
31	
41	
34	
30	
47	
33	
38	
29	
33	
27	
40	
40	
27	
36	
38	
28	
26	
40	
26	
31	
26	
37	
31	
36	
33	
45	
35	
36	
42	
37	
34	
29	
46	
33	
36	
30	
29	
29	
39	
32	
35	
35	
27	
32	
37	
39	
28	
39	
33	
34	
26	
38	
26	
35	
30	
29	
33	
29	
32	
33	
31	
30	
40	
33	
33	
38	
26	
25	
35	
32	
27	
33	
32	
40	
31	
30	
34	
32	
24	
24	
27	
37	
24	
35	
23	
34	
28	
35	
30	
49	
28	
27	
29	
32	
35	
45	
37	
32	
29	
36	
30	
38	
28	
25	
31	
28	
31	
25	
28	
29	
21	
23	
35	
30	
36	
38	
37	
27	
30	
27	
35	
31	
32	
29	
28	
36	
35	
44	
33	
31	
35	
41	
37	
35	
33	
37	
31	
30	
31	
34	
24	
29	
27	
32	
25	
26	
32	
34	
26	
37	
32	
26	
30	
48	
32	
40	
37	
28	
34	
38	
34	
46	
30	
40	
26	
34	
29	
41	
29	
39	
30	
28	
39	
37	
30	
44	
32	
35	
25	
42	
27	
35	
27	
28	
43	
35	
30	
33	
44	
30	
27	
31	
35	
40	
37	
51	
48	
30	
24	
37	
23	
40	
33	
28	
26	
25	
35	
28	
27	
34	
28	
37	
35	
35	
34	
24	
31	
27	
34	
29	
35	
38	
36	
42	
43	
38	
38	
23	
32	
45	
30	
29	
41	
46	
41	
33	
23	
44	
26	
31	
36	
29	
38	
25	
33	
28	
23	
43	
29	
32	
37	
36	
29	
