3.840891232522736232e-04
6.425773345344332199e-04
8.317484800719882748e-03
4.044314634715177187e-02
4.901400701637877166e-02
5.400751102310574758e-02
6.308037532607729814e-02
1.399890004620763517e-01
1.581447479740827333e-01
1.920414795934755059e-01
2.198475002434441272e-01
2.294217560602298533e-01
4.029768641196813661e-01
6.850221333911540311e-01
8.075936626087854009e-01
8.453169408334133550e-01
3.771990931923135726e+00
5.304987923546798712e+00
8.983556251181347818e+00
1.014356778261462999e+01
3.093225047439043252e+01
3.507912517648708217e+01
2.071545358799757253e+02
2.758375052105735108e+02
4.699506185522051283e+02
5.469071172857027250e+02
1.093517774249271952e+03
1.147099790272960490e+03
1.317524810273132061e+03
1.724576208733353951e+03
1.819138468438831978e+03
3.791734260888706103e+03
5.295218060335646442e+03
6.069495353124331814e+03
